{
 "cells": [
  {
   "cell_type": "markdown",
   "metadata": {},
   "source": [
    "# Partie 1"
   ]
  },
  {
   "cell_type": "markdown",
   "metadata": {},
   "source": [
    "## Modules"
   ]
  },
  {
   "cell_type": "code",
   "execution_count": 1,
   "metadata": {},
   "outputs": [],
   "source": [
    "import openpyxl\n",
    "from read_input import read_ressources,read_ressources_unavailabilities,read_tasks,read_tasks_unavailabilities\n",
    "\n",
    "from gurobipy import *\n",
    "import math\n",
    "import numpy "
   ]
  },
  {
   "cell_type": "markdown",
   "metadata": {},
   "source": [
    "## Lecture des données"
   ]
  },
  {
   "cell_type": "code",
   "execution_count": 2,
   "metadata": {},
   "outputs": [],
   "source": [
    "ressources = read_ressources(1)\n",
    "ressources_unavailabilities = read_ressources_unavailabilities(1)\n",
    "tasks = read_tasks(1)\n",
    "tasks_unavailabilities = read_tasks_unavailabilities(1)"
   ]
  },
  {
   "cell_type": "markdown",
   "metadata": {},
   "source": [
    "## Structures de données"
   ]
  },
  {
   "cell_type": "code",
   "execution_count": 3,
   "metadata": {},
   "outputs": [
    {
     "name": "stdout",
     "output_type": "stream",
     "text": [
      "{0: (45.275598, 8.742639), 1: (45.29162, 9.293758), 2: (45.354836, 9.200242), 3: (45.186421, 9.48472), 4: (45.213584, 9.08807), 5: (45.255491, 9.596659), 6: (45.294706, 9.834174), 7: (45.355288, 9.001617), 8: (45.356011, 9.555898), 9: (45.482644, 9.405359), 10: (45.495033, 9.778958), 11: (45.71057, 9.359627), 12: (45.54103, 9.642563), 13: (45.649801, 9.796366)}\n",
      "[[0, 43.15434399255544, 36.85009915676285, 58.9513752614719, 27.909159773636464, 66.87390503537172, 85.42136265847273, 22.104030694853087, 64.2157162810695, 56.65037352501779, 84.52995050735245, 68.20675701128424, 76.19955866367252, 92.11183233987572], [43.15434399255544, 0, 10.142261830193327, 18.984044464858012, 18.29041594179489, 24.04015518812667, 42.274465180718416, 23.912063335399527, 21.709079669576212, 22.95936542477252, 44.12483913002472, 46.86710937073759, 38.86311450569164, 55.87738300933588], [36.85009915676285, 10.142261830193327, 0, 29.090827424007397, 17.99193666784429, 32.91171645194357, 50.00948147619794, 15.520223869991415, 27.79033078965043, 21.407219852087433, 47.77843858127148, 41.45828317438214, 40.23997602312876, 56.86927781607224], [58.9513752614719, 18.984044464858012, 29.090827424007397, 0, 31.224613444943564, 11.655598959313206, 29.892993660751873, 42.21108675592523, 19.66293965614007, 33.5175428606817, 41.30918604723883, 59.09396778191567, 41.314029836353136, 56.978345152088174], [27.909159773636464, 18.29041594179489, 17.99193666784429, 31.224613444943564, 0, 40.09626806630849, 59.09516485309998, 17.147098734128356, 39.87986536579966, 38.857394227788745, 62.400234766751424, 59.18151093941992, 56.58119542610486, 73.53513410317208], [66.87390503537172, 24.04015518812667, 32.91171645194357, 11.655598959313206, 40.09626806630849, 0, 19.08981521971894, 47.84080200920223, 11.622999420441403, 29.347984117301497, 30.20310347944556, 53.87101321341387, 31.952139120425766, 46.53031701980914], [85.42136265847273, 42.274465180718416, 50.00948147619794, 29.892993660751873, 59.09516485309998, 19.08981521971894, 0, 65.43619962544439, 22.798293032864564, 39.47246693483405, 22.688749979023314, 59.21195254209604, 31.206974621304827, 39.594668005849556], [22.104030694853087, 23.912063335399527, 15.520223869991415, 42.21108675592523, 17.147098734128356, 47.84080200920223, 65.43619962544439, 0, 43.309909681750305, 34.547661439059105, 62.62274278151415, 48.356096059715775, 54.097332328708916, 70.062141243355], [64.2157162810695, 21.709079669576212, 27.79033078965043, 19.66293965614007, 39.87986536579966, 11.622999420441403, 22.798293032864564, 43.309909681750305, 0, 18.339088014264526, 23.280782467871823, 42.28543607014108, 21.655517982117168, 37.66164005974319], [56.65037352501779, 22.95936542477252, 21.407219852087433, 33.5175428606817, 38.857394227788745, 29.347984117301497, 39.47246693483405, 34.547661439059105, 18.339088014264526, 0, 29.15570092038682, 25.59276015886816, 19.59024733707435, 35.66455515016234], [84.52995050735245, 44.12483913002472, 47.77843858127148, 41.30918604723883, 62.400234766751424, 30.20310347944556, 22.688749979023314, 62.62274278151415, 23.280782467871823, 29.15570092038682, 0, 40.47938090687737, 11.793649306896816, 17.262676753510114], [68.20675701128424, 46.86710937073759, 41.45828317438214, 59.09396778191567, 59.18151093941992, 53.87101321341387, 59.21195254209604, 48.356096059715775, 42.28543607014108, 25.59276015886816, 40.47938090687737, 0, 28.97385494361208, 34.595548685728474], [76.19955866367252, 38.86311450569164, 40.23997602312876, 41.314029836353136, 56.58119542610486, 31.952139120425766, 31.206974621304827, 54.097332328708916, 21.655517982117168, 19.59024733707435, 11.793649306896816, 28.97385494361208, 0, 17.01427216706267], [92.11183233987572, 55.87738300933588, 56.86927781607224, 56.978345152088174, 73.53513410317208, 46.53031701980914, 39.594668005849556, 70.062141243355, 37.66164005974319, 35.66455515016234, 17.262676753510114, 34.595548685728474, 17.01427216706267, 0]]\n"
     ]
    }
   ],
   "source": [
    "def dist(lat1, long1, lat2, long2):\n",
    "    if lat1==lat2 and long1==long2:\n",
    "        return 0\n",
    "    return(numpy.arccos(numpy.sin(2*numpy.pi/360*lat1)*numpy.sin(2*numpy.pi/360*lat2)+numpy.cos(2*numpy.pi/360*lat1)*numpy.cos(2*numpy.pi/360*lat2)*numpy.cos(2*numpy.pi/360*(long2-long1)))*6371)\n",
    "\n",
    "#print(dist(49.18, -0.36, 49.33, -0.454))\n",
    "#ACOS(SIN(lat1)*SIN(lat2)+COS(lat1)*COS(lat2)*COS(lon2-lon1))*6371\n",
    "v=5/6\n",
    "\n",
    "L_ressources = [j for j in ressources]\n",
    "L_tasks = [i for i in tasks]\n",
    "number_of_ressources = len(L_ressources)\n",
    "number_of_tasks = len(L_tasks)\n",
    "dict_pos = {task : (task.latitude, task.longitude) for task in tasks.values()}\n",
    "\n",
    "dict_pos = {task : (tasks[L_tasks[task]].latitude, tasks[L_tasks[task]].longitude) for task in range(number_of_tasks)}\n",
    "#graph = {(task1,task2): dist(float(tasks[L_tasks[task1].latitude]), float(tasks[L_tasks[task1].longitude]), float(tasks[L_tasks[task2].latitude]), float(tasks[L_tasks[task2].longitude])) for task1 in range(number_of_tasks) for task2 in range(number_of_tasks)}\n",
    "print(dict_pos)\n",
    "\n",
    "#distance[a][b] donne la distance de la tâche a vers la tâche b\n",
    "distances = [[dist(tasks[L_tasks[a]].latitude,tasks[L_tasks[a]].longitude, tasks[L_tasks[b]].latitude, tasks[L_tasks[b]].longitude) for b in range(number_of_tasks)] for a in range(number_of_tasks)]\n",
    "\n",
    "#distance_m[j][i] donne la distance de la maison de j la tâche i\n",
    "distances_m = [[dist(ressources[L_ressources[j]].latitude,ressources[L_ressources[j]].longitude, tasks[L_tasks[i]].latitude, tasks[L_tasks[j]].longitude) for i in range(number_of_tasks)] for j in range(number_of_ressources)]\n",
    "print(distances)\n",
    "# creer locations\n",
    "# creer dists\n",
    "\n",
    "# https://gurobi.github.io/modeling-examples/technician_routing_scheduling/technician_routing_scheduling.html"
   ]
  },
  {
   "cell_type": "markdown",
   "metadata": {},
   "source": [
    "## Variables de décision"
   ]
  },
  {
   "cell_type": "code",
   "execution_count": 4,
   "metadata": {},
   "outputs": [
    {
     "name": "stdout",
     "output_type": "stream",
     "text": [
      "Set parameter Username\n",
      "Academic license - for non-commercial use only - expires 2023-01-27\n"
     ]
    }
   ],
   "source": [
    "### Create Model\n",
    "m = Model(\"trs0\")\n",
    "\n",
    "M = 1440\n",
    "\n",
    "### Decision variables\n",
    "# Task-ressource assignment\n",
    "x = {(t,r) : m.addVar(vtype = GRB.BINARY, name = f'x_{t}_{r}') for r in range(number_of_ressources) for t in range(number_of_tasks)}\n",
    "\n",
    "# Time-task assignment\n",
    "s = {t : m.addVar(vtype = GRB.INTEGER, lb = 0, ub = 1440, name = f's_{t}') for t in range(number_of_tasks)}\n",
    "# Les s_t valent entre 0 et 1440 car les contraintes de temps (entre 8h et 18h) sont contenues dans les jeux de données.\n",
    "\n",
    "# Est-ce que le travailleur se déplace entre les points a et b ?\n",
    "y = {(r,a,b) : m.addVar(vtype = GRB.BINARY, name = f'y_{r}_{a}_{b}') for r in range(number_of_ressources) for a in range(number_of_tasks) for b in range(number_of_tasks)}# if a != b}\n",
    "# Technician cannot leave or return to a depot that is not its base\n",
    "\n",
    "# Is the worker used ?\n",
    "u = {r: m.addVar(vtype = GRB.BINARY, name = f'u_{r}') for r in range(number_of_ressources)}\n",
    "\n",
    "# starting task of worker\n",
    "d = {(r,t) : m.addVar(vtype = GRB.BINARY, name = f'd_{r}_{t}') for r in range(number_of_ressources) for t in range(number_of_tasks)}\n",
    "# ending task of worker\n",
    "f = {(r,t) : m.addVar(vtype = GRB.BINARY, name = f'f_{r}_{t}') for r in range(number_of_ressources) for t in range(number_of_tasks)}\n",
    "\n",
    "#variables de linéarisation\n",
    "#H = {(r,a,b) : m.addVar(vtype = GRB.BINARY,lb = 0, ub = 1440, name = f'h_{r}_{a}_{b}') for r in range(number_of_ressources) for a in range(number_of_tasks) for b in range(number_of_tasks)}# if a != b}\n",
    "#P = {(r,a,b) : m.addVar(vtype = GRB.BINARY,lb = 0, ub = 1440, name = f'p_{r}_{a}_{b}') for r in range(number_of_ressources) for a in range(number_of_tasks) for b in range(number_of_tasks)}# if a != b}\n"
   ]
  },
  {
   "cell_type": "markdown",
   "metadata": {},
   "source": [
    "## Contraintes"
   ]
  },
  {
   "cell_type": "code",
   "execution_count": 5,
   "metadata": {},
   "outputs": [],
   "source": [
    "C4_2 = [m.addConstr(y[(r,a,a)] == 0) for r in range(number_of_ressources) for a in range(number_of_tasks)]"
   ]
  },
  {
   "cell_type": "code",
   "execution_count": 6,
   "metadata": {},
   "outputs": [],
   "source": [
    "nbRpT = [LinExpr() for t in range(number_of_tasks)]\n",
    "for t in range(number_of_tasks):\n",
    "  for r in  range(number_of_ressources):\n",
    "    nbRpT[t]+=x[(t,r)]\n",
    "\n",
    "# One ressource per task\n",
    "C1 = [m.addConstr(nbRpT[t] == 1) for t in range(number_of_tasks)]\n",
    "\n",
    "# Works only if all tasks are feasable\n",
    "#nbRpTq = {t: LinExpr() for t in range(number_of_tasks)}\n",
    "#for t in range(number_of_tasks):\n",
    "#  for r in  range(number_of_ressources):\n",
    "#    if ressources[L_ressources[r]].skill==tasks[L_tasks[t]].skill and ressources[L_ressources[r]].level>=tasks[L_tasks[t]].level:\n",
    "#      nbRpTq[t]+=x[(t,r)]\n",
    "\n",
    "# Qualified technicians\n",
    "#C2 = [m.addConstr(nbRpTq[t] >= 1) for t in range(number_of_tasks)]\n",
    "\n",
    "#C1 = [m.addConstr(quicksum(x[(t,r)] for r in range(number_of_ressources)) == 1 for t in range(number_of_tasks))]\n",
    "\n"
   ]
  },
  {
   "cell_type": "code",
   "execution_count": 7,
   "metadata": {},
   "outputs": [],
   "source": [
    "nbRpTs = [LinExpr() for t in range(number_of_tasks)]\n",
    "for t in range(number_of_tasks):\n",
    "  for r in  range(number_of_ressources):\n",
    "     nbRpTs[t]+=x[(t,r)]*(ressources[L_ressources[r]].skill!=tasks[L_tasks[r]].skill)\n",
    "\n",
    " # Skilled technicians\n",
    "C2 = [m.addConstr(nbRpTs[t] == 0) for t in range(number_of_tasks)]"
   ]
  },
  {
   "cell_type": "code",
   "execution_count": 8,
   "metadata": {},
   "outputs": [],
   "source": [
    "nbRpTl =[ LinExpr() for t in range(number_of_tasks)]\n",
    "for t in range(number_of_tasks):\n",
    "  for r in  range(number_of_ressources):\n",
    "    nbRpTl[t]+=x[(t,r)]*(ressources[L_ressources[r]].level-tasks[L_tasks[r]].level)\n",
    "\n",
    "# Leveled technicians\n",
    "C3 = [m.addConstr(nbRpTl[t] >= 0) for t in range(number_of_tasks)]"
   ]
  },
  {
   "cell_type": "code",
   "execution_count": 9,
   "metadata": {},
   "outputs": [],
   "source": [
    "# si une personne est affectée, elle arrive jusqu'à la tâche\n",
    "C4 = {(i,j) : m.addConstr(quicksum(y[(j,a,i)] for a in range(number_of_tasks)) + d[(j,i)] == x[(i,j)], name = f'arrive{i}{j}') for j in range(number_of_ressources) for i in range(number_of_tasks)}\n",
    "\n",
    "# une personne doit partir après avoir exécuté sa tâche\n",
    "C5 = {(i,j) : m.addConstr(quicksum(y[(j,i,b)] for b in range(number_of_tasks)) + f[(j,i)] == x[(i,j)], name = f'part{i}{j}') for j in range(number_of_ressources) for i in range(number_of_tasks)}"
   ]
  },
  {
   "cell_type": "code",
   "execution_count": 10,
   "metadata": {},
   "outputs": [],
   "source": [
    "# Non overlapping tasks\n",
    "\n",
    "# C6 = [m.addConstr(H[(r,a,b)] >=0) for r in range(number_of_ressources) for a in range(number_of_tasks) for b in range(number_of_tasks)]# if a != b]\n",
    "# C7 = [m.addConstr(H[(r,a,b)] - 1440 * y[(r,a,b)]  <=0) for r in range(number_of_ressources) for a in range(number_of_tasks) for b in range(number_of_tasks)]# if a != b]\n",
    "# C8 = [m.addConstr(H[(r,a,b)] - s[a]  <=0) for r in range(number_of_ressources) for a in range(number_of_tasks) for b in range(number_of_tasks)]# if a != b]\n",
    "# C9 = [m.addConstr(H[(r,a,b)] - s[a] + 1440*(1-H[(r,a,b)])  >=0) for r in range(number_of_ressources) for a in range(number_of_tasks) for b in range(number_of_tasks)]# if a != b]\n",
    "\n",
    "# C10 = [m.addConstr(P[(r,a,b)] >=0) for r in range(number_of_ressources) for a in range(number_of_tasks) for b in range(number_of_tasks)]# if a != b]\n",
    "# C11 = [m.addConstr(P[(r,a,b)] - 1440 * y[(r,a,b)]  <=0) for r in range(number_of_ressources) for a in range(number_of_tasks) for b in range(number_of_tasks)]# if a != b]\n",
    "# C12 = [m.addConstr(P[(r,a,b)] - s[b]  <=0) for r in range(number_of_ressources) for a in range(number_of_tasks) for b in range(number_of_tasks)]# if a != b]\n",
    "# C13 = [m.addConstr(P[(r,a,b)] - s[b] + 1440*(1-P[(r,a,b)])  >=0) for r in range(number_of_ressources) for a in range(number_of_tasks) for b in range(number_of_tasks)]# if a != b]\n",
    "# C14Sum =[[LinExpr() for a in range(number_of_tasks)] for b in range(number_of_tasks)]\n",
    "# for a in range(number_of_tasks):\n",
    "#   for b in range(number_of_tasks):\n",
    "#     for j in  range(number_of_ressources):\n",
    "#       C14Sum[a][b]+=H[(j,a,b)] - P[(j,a,b)] + y[(j,a,b)] * (tasks[L_tasks[a]].duration + distances[a][b]/v)\n",
    "\n",
    "# C14 = [m.addConstr(C14Sum[a][b] <= 0) for a in range(number_of_tasks) for b in range(number_of_tasks)]"
   ]
  },
  {
   "cell_type": "code",
   "execution_count": 11,
   "metadata": {},
   "outputs": [
    {
     "name": "stdout",
     "output_type": "stream",
     "text": [
      "13.986718751175847\n",
      "40\n"
     ]
    }
   ],
   "source": [
    "# non overlapping tasks\n",
    "print(distances[3][5]/v)\n",
    "print(tasks[L_tasks[3]].duration)\n",
    "C6 = [m.addConstr(s[b] >= s[a] + tasks[L_tasks[a]].duration + distances[a][b]/v -M*(1-quicksum(y[(j,a,b)] for j in range(number_of_ressources)))) for a in range(number_of_tasks) for b in range(number_of_tasks)]"
   ]
  },
  {
   "cell_type": "code",
   "execution_count": 12,
   "metadata": {},
   "outputs": [],
   "source": [
    "# la premiere tache commence apres le début de la journée\n",
    "#j,i=0,3\n",
    "#print(ressources[L_ressources[j]].workingStart -M*(1-x[(i,j)].x) + distances_m[j][i]/v)\n",
    "#M=10E2\n",
    "C11 = [m.addConstr(s[i] >= ressources[L_ressources[j]].workingStart -M*(1-x[(i,j)]) + distances_m[j][i]/v) for i in range(number_of_tasks) for j in range(number_of_ressources)]"
   ]
  },
  {
   "cell_type": "code",
   "execution_count": 13,
   "metadata": {},
   "outputs": [],
   "source": [
    "# la derniere tache finit avant la fin de la journee\n",
    "M=10E6\n",
    "C12 = [m.addConstr(ressources[L_ressources[j]].workingEnd >= s[i]+tasks[L_tasks[i]].duration + distances_m[j][i]/v -M*(1-x[(i,j)])) for i in range(number_of_tasks) for j in range(number_of_ressources)]"
   ]
  },
  {
   "cell_type": "code",
   "execution_count": 14,
   "metadata": {},
   "outputs": [],
   "source": [
    "C7 = [m.addConstr(quicksum(d[(j,a)] for a in range(number_of_tasks)) == u[j]) for j in range(number_of_ressources)]\n",
    "C8 = [m.addConstr(quicksum(f[(j,b)] for b in range(number_of_tasks)) == u[j]) for j in range(number_of_ressources)]\n",
    "\n",
    "C9 = [m.addConstr(quicksum(x[(i,j)] for i in range(number_of_tasks)) <= u[j]*M) for j in range(number_of_ressources)]\n",
    "C10 = [m.addConstr(quicksum(x[(i,j)] for i in range(number_of_tasks)) >= u[j]) for j in range(number_of_ressources)]\n",
    "\n",
    "C13 = [d[(j,i)]<=x[(i,j)] for i in range(number_of_tasks) for j in range(number_of_ressources)]\n",
    "C14 = [f[(j,i)]<=x[(i,j)] for i in range(number_of_tasks) for j in range(number_of_ressources)]\n",
    "\n"
   ]
  },
  {
   "cell_type": "code",
   "execution_count": 15,
   "metadata": {},
   "outputs": [],
   "source": [
    "# C7 = [m.addConstr(quicksum(d[(j,a)] for a in range(number_of_tasks)) == 1) for j in range(number_of_ressources)]\n",
    "# C8 = [m.addConstr(quicksum(f[(j,b)] for b in range(number_of_tasks)) == 1) for j in range(number_of_ressources)]\n",
    "\n",
    "# # C9 = [m.addConstr(quicksum(x[(i,j)] for i in range(number_of_tasks)) <= u[j]*M) for j in range(number_of_ressources)]\n",
    "# # C10 = [m.addConstr(quicksum(x[(i,j)] for i in range(number_of_tasks)) >= u[j]) for j in range(number_of_ressources)]\n",
    "\n",
    "# C13 = [d[(j,i)]<=x[(i,j)] for i in range(number_of_tasks) for j in range(number_of_ressources)]\n",
    "# C14 = [f[(j,i)]<=x[(i,j)] for i in range(number_of_tasks) for j in range(number_of_ressources)]\n"
   ]
  },
  {
   "cell_type": "code",
   "execution_count": 16,
   "metadata": {},
   "outputs": [],
   "source": [
    "C15 = [m.addConstr(y[(j,a,b)] + y[(j,b,a)] <=1) for a in range(number_of_tasks) for b in range(number_of_tasks) for j in range(number_of_ressources)]\n",
    "C16 = [m.addConstr(d[(j,a)] + f[(j,a)] <=1) for a in range(number_of_tasks) for j in range(number_of_ressources)]\n"
   ]
  },
  {
   "cell_type": "markdown",
   "metadata": {},
   "source": [
    "## Fonction objectif et résolution"
   ]
  },
  {
   "cell_type": "code",
   "execution_count": 17,
   "metadata": {},
   "outputs": [
    {
     "name": "stdout",
     "output_type": "stream",
     "text": [
      "None \n",
      "\tN'A PAS DE SOLUTION!!!\n",
      "taskId;performed;employeeName;startTime;\n",
      "T1;;;;\n",
      "T2;;;;\n",
      "T3;;;;\n",
      "T4;;;;\n",
      "T5;;;;\n",
      "T6;;;;\n",
      "T7;;;;\n",
      "T8;;;;\n",
      "T9;;;;\n",
      "T10;;;;\n",
      "T11;;;;\n",
      "T12;;;;\n",
      "T13;;;;\n",
      "T14;;;;\n",
      "\n",
      "###########################\n"
     ]
    },
    {
     "ename": "KeyError",
     "evalue": "(0, 0, 0)",
     "output_type": "error",
     "traceback": [
      "\u001b[0;31m---------------------------------------------------------------------------\u001b[0m",
      "\u001b[0;31mKeyError\u001b[0m                                  Traceback (most recent call last)",
      "\u001b[1;32m/home/nyss/Documents/projets_git/ST7-optimization/rendu.ipynb Cell 24'\u001b[0m in \u001b[0;36m<module>\u001b[0;34m\u001b[0m\n\u001b[1;32m     <a href='vscode-notebook-cell:/home/nyss/Documents/projets_git/ST7-optimization/rendu.ipynb#ch0000023?line=58'>59</a>\u001b[0m   \u001b[39mfor\u001b[39;00m b \u001b[39min\u001b[39;00m \u001b[39mrange\u001b[39m(number_of_tasks):\n\u001b[1;32m     <a href='vscode-notebook-cell:/home/nyss/Documents/projets_git/ST7-optimization/rendu.ipynb#ch0000023?line=59'>60</a>\u001b[0m     j\u001b[39m=\u001b[39m\u001b[39m0\u001b[39m\n\u001b[0;32m---> <a href='vscode-notebook-cell:/home/nyss/Documents/projets_git/ST7-optimization/rendu.ipynb#ch0000023?line=60'>61</a>\u001b[0m     \u001b[39mif\u001b[39;00m  \u001b[39mround\u001b[39m(y[(j,a,b)]\u001b[39m.\u001b[39mx)\u001b[39m==\u001b[39m\u001b[39m1\u001b[39m:\n\u001b[1;32m     <a href='vscode-notebook-cell:/home/nyss/Documents/projets_git/ST7-optimization/rendu.ipynb#ch0000023?line=61'>62</a>\u001b[0m       \u001b[39mprint\u001b[39m(\u001b[39m\"\u001b[39m\u001b[39mj\u001b[39m\u001b[39m{}\u001b[39;00m\u001b[39m - a\u001b[39m\u001b[39m{}\u001b[39;00m\u001b[39m - b\u001b[39m\u001b[39m{}\u001b[39;00m\u001b[39m - y\u001b[39m\u001b[39m{}\u001b[39;00m\u001b[39m // \u001b[39m\u001b[39m\"\u001b[39m\u001b[39m.\u001b[39mformat(j, a,b,y[(j,a,b)]\u001b[39m.\u001b[39mx), end\u001b[39m=\u001b[39m\u001b[39m\"\u001b[39m\u001b[39m\"\u001b[39m)\n\u001b[1;32m     <a href='vscode-notebook-cell:/home/nyss/Documents/projets_git/ST7-optimization/rendu.ipynb#ch0000023?line=63'>64</a>\u001b[0m \u001b[39m#7 - 4 - 2 - 1 - 7\u001b[39;00m\n\u001b[1;32m     <a href='vscode-notebook-cell:/home/nyss/Documents/projets_git/ST7-optimization/rendu.ipynb#ch0000023?line=64'>65</a>\u001b[0m \u001b[39m#8 - 6 - 8\u001b[39;00m\n",
      "\u001b[0;31mKeyError\u001b[0m: (0, 0, 0)"
     ]
    }
   ],
   "source": [
    "# -- Ajout de la fonction objectif --\n",
    "couts=LinExpr()\n",
    "for j in range(number_of_ressources):\n",
    "  for a in range(number_of_tasks):\n",
    "    for b in range(number_of_tasks):\n",
    "      couts+=y[(j,a,b)]*distances[a][b]/v\n",
    "m.setObjective(couts, GRB.MINIMIZE)\n",
    "\n",
    "# -- Choix d'un paramétrage d'affichage minimaliste --\n",
    "m.params.outputflag = 0 # mode muet\n",
    "\n",
    "# -- Mise à jour du modèle  --\n",
    "m.update()\n",
    "\n",
    "# -- Affichage en mode texte du PL --\n",
    "m.display()\n",
    "\n",
    "# -- Résolution --\n",
    "m.optimize()\n",
    "\n",
    "# -- Vérification du statut et Affichage (le cas échéant) des solutions --\n",
    "if m.status == GRB.INF_OR_UNBD:\n",
    "    m.setParam(GRB.Param.Presolve, 0)\n",
    "    m.optimize()\n",
    "\n",
    "if m.status == GRB.INFEASIBLE:\n",
    "    print(m.display(), \"\\n\\tN'A PAS DE SOLUTION!!!\")\n",
    "elif m.status == GRB.UNBOUNDED:\n",
    "    print(m.display(), \"\\n\\tEST NON BORNÉ!!!\")\n",
    "\n",
    "\n",
    "# for j in range(number_of_tasks):\n",
    "#   for i in range(number_of_ressources):\n",
    "#     print(x[(j,i)].x,end=' ')\n",
    "#   print(\"\\n\")\n",
    "\n",
    "# print(\"\\n\\n\\n\")\n",
    "\n",
    "\n",
    "# -- Affichage de la solution --\n",
    "#print(\"La solution optimale est (d,q) = {} \\navec pour valeur de l'objectif z = {}€\".format((D.x, Q.x), m.objVal))\n",
    "t=open(\"result.csv\",'w')\n",
    "res=\"taskId;performed;employeeName;startTime;\\n\"\n",
    "for j in range(number_of_tasks):\n",
    "  p=False\n",
    "  for i in range(number_of_ressources):\n",
    "    if round(x[(j,i)].x):\n",
    "      res+=\"{};{};{};{};\\n\".format(L_tasks[j],1,L_ressources[i],int(s[j].x))\n",
    "      p=True\n",
    "  if not p:\n",
    "    res+=\"{};;;;\\n\".format(L_tasks[j])\n",
    "print(res)\n",
    "t.write(res)\n",
    "t.close()\n",
    "\n",
    "print(\"###########################\")\n",
    "\n",
    "for a in range(number_of_tasks):\n",
    "  for b in range(number_of_tasks):\n",
    "    j=0\n",
    "    if  round(y[(j,a,b)].x)==1:\n",
    "      print(\"j{} - a{} - b{} - y{} // \".format(j, a,b,y[(j,a,b)].x), end=\"\")\n",
    "\n",
    "#7 - 4 - 2 - 1 - 7\n",
    "#8 - 6 - 8\n",
    "\n",
    "print('\\n') \n",
    "print(\"###########################\")\n",
    "\n",
    "for a in range(number_of_tasks):\n",
    "  j=0\n",
    "  if  round(d[(j,a)].x)==1:\n",
    "    print(\"j{} - a{} - d{} // \".format(j, a,d[(j,a)].x), end=\"\")\n",
    "\n",
    "\n",
    "print('\\n\\n')\n",
    "for a in range(number_of_tasks):\n",
    "  j=0\n",
    "  if  round(f[(j,a)].x)==1:\n",
    "    print(\"j{} - a{} - d{} // \".format(j, a,f[(j,a)].x), end=\"\")\n",
    "\n",
    "# 3 - 5 - 2 - 9 - 7 - 4 - 1 - 0\n",
    "# 6-8 okok"
   ]
  },
  {
   "cell_type": "code",
   "execution_count": null,
   "metadata": {},
   "outputs": [
    {
     "data": {
      "text/html": [
